Fs = 100.0
0.0
-3.688170196535055
-4.150309271896859
-7.804641661912716
0.7821157218073792
4.187927499549568
6.336059340079658
7.816865553322314
8.840501727994901
9.498449637064395
9.825171563558571
9.813149254411972
9.40330480118498
8.433218080800827
6.409455421468401
0.1528881538356281
4.562562889917381
8.48744314096425
10.516227568183922
11.801052194588115
12.638088939834534
13.140004348591765
13.349698816661846
13.269076452933241
12.859686471140282
12.016205432707194
10.46156328317313
7.1530284130531685
1.8957261043128317
9.385495787517291
11.969440003386008
13.468163774585946
14.41738493637881
14.994741256854338
15.270813713093697
15.265852007061325
14.962247410502593
14.293509581378675
13.091620523900563
10.858821134951038
4.4125754765584
8.64920163055546
12.415446831160487
14.298187072946726
15.448042949921696
16.15991412094816
16.545389718068314
16.64645058779696
16.464210466513187
15.959534854309357
15.026505389347008
13.387531564444316
9.99942420781129
4.66690448689851
12.085453406757463
14.60185435113182
16.036427106305236
16.924633709904654
17.443881793704836
17.664544659092588
17.60668406739501
17.252520752937393
16.53540923569126
15.28719005226828
