Fs = 100.0
0.0
-5.193320174854961
-5.655459250216764
-9.309791640232621
-0.7230342565125271
2.682777521229662
4.830909361759753
6.311715575002408
7.335351749674995
7.99329965874449
8.320021585238665
8.307999276092065
7.898154822865074
6.928068102480921
4.904305443148496
-1.3522618244842775
3.057412911597475
6.9822931626443445
9.011077589864017
10.295902216268209
11.132938961514627
11.634854370271858
11.84454883834194
11.763926474613335
11.354536492820378
10.51105545438729
8.956413304853223
5.647878434733262
0.39057612599292607
7.880345809197387
10.464290025066102
11.96301379626604
12.912234958058903
13.489591278534434
13.765663734773792
13.760702028741418
13.457097432182687
12.788359603058769
11.586470545580656
9.353671156631131
2.907425498238494
7.1440516522355555
10.910296852840581
12.79303709462682
13.94289297160179
14.654764142628254
15.040239739748406
15.141300609477053
14.959060488193279
14.454384875989453
13.521355411027102
11.88238158612441
8.494274229491385
3.1617545085786043
10.580303428437556
13.096704372811915
14.531277127985332
15.419483731584748
15.93873181538493
16.15939468077268
16.101534089075102
15.747370774617487
15.030259257371359
13.782040073948373
